Aadorf / Tänikon	539	710515 / 259821	01.1961-12.1990	-1.1	0.2	3.5	7.1	11.5	14.9	17.0	16.2	13.2	8.5	3.3	0.0	7.9
Acquarossa / Comprovasco	575	714998 / 146440	01.1961-12.1990	1.1	2.2	5.4	9.0	12.5	15.9	18.2	17.4	14.4	9.8	4.9	2.2	9.4
Adelboden	1326	609350 / 149001	01.1961-12.1990	-2.5	-2.1	-0.1	3.3	7.7	10.9	13.3	12.7	10.4	6.9	1.6	-1.3	5.1
Aigle	381	560401 / 130713	01.1961-12.1990	0.0	1.7	4.7	8.5	12.4	15.7	18.0	17.1	14.1	9.5	4.3	0.7	8.9
Altdorf	438	690174 / 193558	01.1961-12.1990	0.6	2.0	4.8	8.2	12.6	15.6	17.6	16.8	14.0	9.8	4.7	1.2	9.0
Andermatt	1438	687444 / 165044	01.1961-12.1990	-5.1	-4.2	-1.4	2.0	6.6	9.8	12.1	11.7	9.4	5.5	-0.4	-4.2	3.5
Arosa	1878	771030 / 184826	01.1961-12.1990	-4.2	-4.1	-2.3	0.6	5.2	8.4	10.9	10.5	8.2	5.0	-0.5	-3.2	2.9
Bad Ragaz	496	756910 / 209351	01.1961-12.1990	0.0	1.6	5.2	9.0	13.3	16.2	18.2	17.5	14.8	10.3	4.7	0.6	9.3
Basel / Binningen	316	610911 / 265601	01.1961-12.1990	0.9	2.4	5.6	9.1	13.1	16.3	18.5	17.7	14.8	10.1	4.9	1.8	9.6
Bern / Zollikofen	552	601930 / 204410	01.1961-12.1990	-1.2	0.5	3.7	7.3	11.5	14.9	17.3	16.4	13.3	8.6	3.1	-0.3	7.9
Biel/Bienne	433	586260 / 218840	01.1961-12.1990	-0.3	1.3	4.4	8.5	12.8	16.3	18.7	17.7	14.5	9.6	4.2	0.9	9.1
Blatten, Lötschental	1538	629564 / 141084	01.1961-12.1990	-6.4	-5.1	-2.3	1.6	6.3	9.7	12.3	11.3	8.6	4.2	-1.4	-5.3	2.8
Buchs / Aarau	386	648389 / 248365	01.1961-12.1990	-0.3	1.2	4.5	8.4	12.8	16.1	18.2	17.2	14.0	9.3	4.0	0.7	8.8
Buffalora	1968	816494 / 170225	01.1961-12.1990	-9.7	-8.7	-5.6	-1.4	3.5	7.4	9.7	9.3	6.4	1.7	-4.7	-9.2	-0.1
Bullet / La Frétaz	1205	534221 / 188081	01.1961-12.1990	-2.0	-1.6	0.4	3.4	7.7	10.9	13.4	13.0	10.6	6.8	1.7	-1.0	5.3
Chasseral	1599	570847 / 220158	01.1961-12.1990	-3.1	-3.4	-2.0	0.5	4.8	8.2	10.7	10.4	8.3	5.4	0.2	-2.0	3.2
Chaumont	1136	565060 / 211006	01.1961-12.1990	-2.1	-1.4	0.7	3.9	8.1	11.3	13.9	13.3	11.0	7.1	1.6	-1.1	5.5
Chur	556	759471 / 193157	01.1961-12.1990	0.2	1.8	5.1	8.7	13.1	16.0	18.0	17.2	14.5	10.1	4.5	0.6	9.2
Château-d'Oex	1029	577040 / 147655	01.1961-12.1990	-3.2	-1.9	0.8	4.5	8.9	12.0	14.2	13.4	10.7	6.5	1.3	-2.4	5.4
Cimetta	1661	704433 / 117452	01.1961-12.1990	-1.8	-2.6	-0.6	1.6	5.6	9.6	12.1	11.8	9.6	6.0	1.0	-0.9	4.3
Col du Grand St-Bernard	2472	579200 / 79720	01.1961-12.1990	-8.2	-8.2	-7.0	-4.4	0.1	3.8	7.0	6.7	4.5	0.7	-4.5	-6.8	-1.4
Davos	1594	783514 / 187458	01.1961-12.1990	-5.3	-4.7	-2.2	1.3	5.9	9.0	11.3	10.8	8.3	4.7	-1.0	-4.4	2.8
Delémont	439	593269 / 244543	01.1961-12.1990	-0.4	1.4	4.4	7.9	12.1	15.5	17.7	17.0	14.1	9.7	4.1	0.6	8.7
Disentis / Sedrun	1197	708189 / 173789	01.1961-12.1990	-2.0	-1.3	1.1	4.3	8.7	12.0	14.4	13.7	11.3	7.5	1.9	-1.2	5.9
Ebnat-Kappel	623	726347 / 237176	01.1961-12.1990	-2.5	-1.1	2.1	6.0	10.7	14.0	16.2	15.3	12.5	8.0	2.5	-1.5	6.9
Einsiedeln	910	699984 / 221069	01.1961-12.1990	-2.7	-1.8	0.9	4.6	9.3	12.5	14.9	14.1	11.5	7.2	1.9	-1.7	5.9
Elm	958	732265 / 198425	01.1961-12.1990	-2.8	-1.7	0.9	4.6	9.3	12.2	14.3	13.7	11.2	7.3	1.4	-2.1	5.7
Engelberg	1035	674157 / 186097	01.1961-12.1990	-2.7	-1.6	0.9	4.5	9.0	12.0	14.1	13.4	10.9	6.9	1.5	-2.0	5.6
Evolène / Villa	1825	605415 / 106740	01.1961-12.1990	-3.4	-3.4	-1.7	1.2	5.4	8.7	11.5	10.9	8.8	5.4	0.4	-2.2	3.5
Fahy	596	562458 / 252676	01.1961-12.1990	-0.1	1.1	3.9	7.0	11.1	14.3	16.7	16.2	13.4	9.1	4.1	0.8	8.1
Fribourg / Posieux	646	575182 / 180076	01.1961-12.1990	-1.0	0.6	3.5	7.2	11.6	15.0	17.6	16.6	13.4	8.7	3.2	-0.1	8.0
Genève-Cointrin	412	498905 / 122632	01.1961-12.1990	0.8	2.3	5.1	8.8	13.0	16.5	19.1	18.2	14.9	10.1	5.0	1.8	9.6
Glarus	516	723752 / 210568	01.1961-12.1990	-1.2	0.3	3.6	7.7	12.0	14.9	16.9	16.2	13.4	9.1	3.7	-0.3	8.0
Grimsel Hospiz	1980	668583 / 158215	01.1961-12.1990	-5.8	-5.8	-4.3	-1.5	2.8	6.2	8.9	8.8	7.0	3.8	-1.5	-4.6	1.2
Grono	323	733017 / 124090	01.1961-12.1990	2.6	4.1	7.6	11.2	15.0	18.5	21.0	20.1	17.0	12.3	6.9	3.7	11.7
Grächen	1605	630739 / 116062	01.1961-12.1990	-3.6	-3.2	-1.0	2.4	6.8	10.4	13.0	12.3	9.8	5.8	0.3	-2.5	4.2
Gstaad	1045	588260 / 146165	01.1961-12.1990	-4.0	-2.3	0.7	4.7	9.3	12.6	14.8	14.1	11.4	6.8	0.8	-3.3	5.5
Gütsch ob Andermatt	2283	690050 / 167475	01.1961-12.1990	-6.5	-6.9	-6.0	-3.7	0.4	4.1	7.3	7.1	5.1	2.1	-3.1	-5.5	-0.5
Güttingen	440	738420 / 273960	01.1961-12.1990	-0.3	0.9	4.1	7.9	12.3	15.5	17.6	16.8	13.8	9.1	3.9	0.6	8.5
Hallau	419	677456 / 283472	01.1961-12.1990	-1.2	0.5	3.8	7.7	12.2	15.5	17.6	16.6	13.4	8.6	3.2	-0.2	8.1
Hinterrhein	1611	733900 / 153980	01.1961-12.1990	-6.6	-5.8	-3.1	0.5	5.1	8.9	11.5	10.9	8.3	4.1	-1.7	-5.6	2.2
Hörnli	1144	713515 / 247755	01.1961-12.1990	-1.5	-1.0	0.8	4.0	8.6	11.5	14.2	13.7	10.9	7.1	2.2	-0.6	5.8
Interlaken	577	633019 / 169093	01.1961-12.1990	-0.9	0.7	3.9	7.7	11.9	15.0	17.2	16.2	13.4	8.8	3.3	-0.1	8.1
Jungfraujoch	3580	641930 / 155275	01.1961-12.1990	-14.0	-14.3	-13.3	-11.1	-6.8	-3.5	-0.9	-1.0	-2.5	-5.2	-10.1	-12.5	-7.9
Koppigen	484	612662 / 218664	01.1961-12.1990	-1.1	0.7	4.0	7.7	12.1	15.3	17.6	17.0	13.9	9.1	3.5	0.1	8.3
La Brévine	1050	536982 / 203974	01.1961-12.1990	-4.7	-3.0	-0.8	2.9	7.4	10.6	13.2	12.4	9.7	5.7	0.3	-3.9	4.2
La Chaux-de-Fonds	1018	550919 / 214861	01.1961-12.1990	-2.2	-1.2	0.8	4.2	8.5	11.8	14.2	13.5	11.0	7.2	1.8	-1.2	5.7
La Dôle	1669	497061 / 142362	01.1961-12.1990	-3.4	-3.5	-2.2	0.5	4.7	8.3	11.1	10.8	8.6	5.3	-0.1	-2.3	3.2
Langnau i.E.	745	628005 / 198792	01.1961-12.1990	-1.9	-0.3	2.7	6.1	10.4	13.6	15.9	15.4	12.8	8.3	2.7	-0.8	7.1
Le Moléson	1974	567723 / 155072	01.1961-12.1990	-3.6	-3.7	-2.9	-0.6	3.3	6.8	9.6	9.2	7.5	4.9	-0.1	-2.3	2.3
Locarno / Monti	366	704160 / 114350	01.1961-12.1990	2.7	4.1	7.4	10.9	14.5	18.1	20.7	19.8	16.7	12.0	6.7	3.8	11.5
Lugano	273	717874 / 95884	01.1961-12.1990	2.6	3.9	7.1	10.7	14.5	18.3	21.1	20.3	17.2	12.5	7.4	3.8	11.6
Luzern	454	665540 / 209848	01.1961-12.1990	-0.2	1.3	4.4	8.2	12.5	15.5	17.9	17.0	14.0	9.3	4.1	0.7	8.7
Magadino / Cadenazzo	203	715480 / 113162	01.1961-12.1990	0.2	2.7	6.7	10.7	14.6	18.2	20.6	19.6	16.1	10.9	5.1	1.1	10.5
Meiringen	588	655844 / 175930	01.1961-12.1990	-2.7	-0.6	2.9	7.2	11.8	14.6	16.7	15.7	13.0	8.4	2.5	-1.9	7.3
Montana	1427	601706 / 127482	01.1961-12.1990	-2.3	-1.9	0.1	3.4	7.9	11.4	14.0	13.3	11.0	7.1	1.7	-1.1	5.4
Napf	1403	638133 / 206079	01.1961-12.1990	-2.3	-2.4	-0.5	2.3	6.5	9.8	12.6	12.2	9.9	6.8	1.2	-1.1	4.6
Neuchâtel	485	563087 / 205560	01.1961-12.1990	0.6	1.9	4.8	8.6	12.8	16.2	18.8	18.0	14.9	10.0	4.7	1.5	9.4
Nyon / Changins	455	506880 / 139573	01.1961-12.1990	0.4	1.9	4.8	8.6	12.6	16.1	18.7	17.9	14.7	9.9	4.7	1.5	9.3
Passo del Bernina	2260	798422 / 143020	01.1961-12.1990	-7.8	-8.0	-6.3	-3.3	1.2	5.1	8.3	7.9	5.3	1.4	-4.1	-6.9	-0.6
Payerne	490	562127 / 184612	01.1961-12.1990	-0.6	1.0	4.2	7.9	12.0	15.4	17.9	17.1	14.0	9.2	3.9	0.5	8.5
Pilatus	2106	661910 / 203410	01.1961-12.1990	-4.7	-5.0	-3.9	-1.9	2.2	5.3	8.1	7.8	6.2	3.8	-1.4	-3.5	1.1
Piotta	990	695888 / 152261	01.1961-12.1990	-1.7	-0.5	2.4	5.9	10.1	13.8	16.4	15.3	12.3	7.8	2.4	-0.6	7.0
Piz Corvatsch	3302	783151 / 143522	01.1961-12.1990	-12.4	-12.7	-11.5	-8.8	-4.5	-1.4	1.3	1.3	-0.5	-3.4	-8.7	-11.1	-6.0
Plaffeien	1042	586808 / 177400	01.1961-12.1990	-2.0	-1.0	1.2	4.4	8.7	12.2	14.7	14.1	11.4	7.3	2.2	-0.9	6.0
Poschiavo / Robbia	1078	801850 / 136180	01.1961-12.1990	-2.1	-0.9	2.4	6.3	10.0	13.3	15.6	14.8	11.7	7.4	2.3	-0.8	6.7
Pully	455	540811 / 151514	01.1961-12.1990	1.3	2.8	5.5	9.2	13.3	16.6	19.3	18.4	15.4	10.9	5.4	2.1	10.0
Rünenberg	611	633246 / 253846	01.1961-12.1990	-0.6	0.9	3.9	7.2	11.4	14.6	16.9	16.3	13.6	9.3	3.9	0.8	8.2
S. Bernardino	1638	734112 / 147296	01.1961-12.1990	-4.3	-4.2	-2.0	1.1	5.3	9.5	12.2	11.5	8.9	4.9	-0.4	-3.3	3.3
Salen-Reutenen	718	719099 / 279047	01.1961-12.1990	-1.9	-0.6	2.7	6.5	10.9	14.0	16.3	15.6	12.8	8.1	2.6	-0.8	7.2
Samedan	1708	787210 / 155700	01.1961-12.1990	-9.2	-7.7	-3.8	0.6	5.5	8.9	11.1	10.5	7.7	3.2	-3.2	-8.2	1.3
Schaffhausen	438	688698 / 282796	01.1961-12.1990	-1.0	0.8	4.4	8.2	12.5	15.6	17.8	17.0	13.9	8.9	3.4	0.1	8.5
Scuol	1303	817135 / 186393	01.1961-12.1990	-5.0	-3.3	0.4	4.4	8.8	11.9	14.2	13.5	10.9	6.2	-0.1	-4.3	4.8
Segl-Maria	1804	778575 / 144976	01.1961-12.1990	-7.3	-6.5	-3.8	-0.2	4.3	8.0	10.5	10.1	7.7	3.6	-1.9	-5.7	1.6
Sion	482	591630 / 118575	01.1961-12.1990	-0.8	1.6	5.3	9.4	13.7	17.0	19.1	17.9	14.6	9.5	3.4	-0.4	9.2
St. Gallen	775	747865 / 254588	01.1961-12.1990	-0.9	0.0	2.9	6.3	10.6	13.8	16.1	15.5	13.0	8.6	3.5	0.0	7.5
Sta. Maria, Val Müstair	1383	828861 / 165580	01.1961-12.1990	-3.5	-2.4	0.5	4.2	8.9	12.4	14.5	13.7	10.8	6.2	0.5	-2.8	5.3
Stabio	353	716050 / 77966	01.1961-12.1990	0.4	2.1	6.0	10.1	14.0	17.6	20.1	19.1	15.8	11.0	5.2	1.3	10.2
Säntis	2502	744200 / 234920	01.1961-12.1990	-7.9	-8.1	-7.2	-4.8	-0.7	2.3	4.7	4.6	3.1	0.7	-4.4	-6.7	-2.0
Ulrichen	1345	666740 / 150760	01.1961-12.1990	-7.5	-5.6	-1.9	2.1	7.0	11.0	13.5	12.5	9.8	4.7	-1.4	-6.8	3.1
Vaduz	457	757719 / 221697	01.1961-12.1990	0.2	1.8	5.5	9.1	13.4	16.1	18.0	17.5	14.8	10.5	5.1	1.2	9.4
Visp	639	631149 / 128020	01.1961-12.1990	-1.7	0.8	4.8	8.8	13.1	16.2	18.3	17.4	14.3	9.2	3.0	-1.3	8.6
Weissfluhjoch	2691	780615 / 189634	01.1961-12.1990	-8.9	-9.2	-8.1	-5.6	-1.1	2.1	4.9	4.9	3.2	0.3	-4.9	-7.5	-2.5
Wynau	422	626400 / 233850	01.1961-12.1990	-0.8	0.6	3.7	7.5	11.9	15.3	17.4	16.6	13.5	8.8	3.6	0.2	8.2
Wädenswil	485	693847 / 230744	01.1961-12.1990	-0.4	1.0	4.2	8.1	12.4	15.7	18.0	17.0	14.2	9.5	4.3	0.7	8.7
Zermatt	1638	624350 / 97560	01.1961-12.1990	-4.8	-4.0	-1.5	2.0	6.7	10.0	12.5	11.7	9.0	4.8	-0.8	-3.8	3.5
Zürich / Affoltern	443	681428 / 253546	01.1961-12.1990	-0.6	0.8	4.2	8.0	12.4	15.6	17.8	16.9	13.8	9.1	3.9	0.5	8.5
Zürich / Fluntern	555	685117 / 248066	01.1961-12.1990	-0.5	0.9	4.2	7.8	12.1	15.2	17.6	16.7	13.8	9.3	3.9	0.6	8.5
Zürich / Kloten	426	682710 / 259339	01.1961-12.1990	-0.8	0.6	4.1	8.0	12.4	15.7	17.8	17.0	14.0	9.1	3.7	0.4	8.5

