Aadorf / Tänikon	539	710515 / 259821	01.1981-12.2010	-0.3	0.4	4.5	7.9	12.7	15.9	18.0	17.4	13.5	9.2	3.7	0.9	8.7
Acquarossa / Comprovasco	575	714998 / 146440	01.1981-12.2010	1.2	2.3	6.4	9.5	13.4	16.9	19.0	18.2	14.5	10.1	5.2	2.1	9.9
Adelboden	1326	609350 / 149001	01.1981-12.2010	-1.7	-1.6	1.1	4.2	8.8	11.8	14.2	13.7	10.4	7.0	1.8	-0.8	5.7
Aigle	381	560401 / 130713	01.1981-12.2010	0.8	1.9	5.8	9.4	13.8	17.0	19.1	18.4	14.6	10.4	5.0	1.9	9.8
Altdorf	438	690174 / 193558	01.1981-12.2010	1.1	2.0	5.7	9.2	13.8	16.6	18.6	17.9	14.5	10.5	5.2	2.3	9.8
Andermatt	1438	687444 / 165044	01.1981-12.2010	-4.7	-4.0	-0.4	3.2	7.9	10.9	13.1	12.8	9.5	6.0	0.0	-3.5	4.2
Arosa	1878	771030 / 184826	01.1981-12.2010	-3.4	-3.6	-1.5	1.5	6.4	9.5	11.9	11.5	8.3	5.3	-0.1	-2.7	3.6
Bad Ragaz	496	756910 / 209351	01.1981-12.2010	0.5	1.6	6.0	9.8	14.4	17.1	19.2	18.7	15.1	11.2	5.3	1.7	10.1
Basel / Binningen	316	610911 / 265601	01.1981-12.2010	1.6	2.7	6.6	10.0	14.2	17.4	19.7	19.1	15.1	10.9	5.5	2.6	10.5
Bern / Zollikofen	552	601930 / 204410	01.1981-12.2010	-0.4	0.7	4.7	8.1	12.7	16.0	18.3	17.7	13.7	9.3	3.7	0.6	8.8
Biel/Bienne	433	586260 / 218840	01.1981-12.2010	0.7	1.6	5.5	9.5	14.0	17.4	19.7	18.9	14.8	10.3	4.8	1.8	9.9
Blatten, Lötschental	1538	629564 / 141084	01.1981-12.2010	-6.0	-4.8	-1.0	2.6	7.6	10.8	13.2	12.4	8.9	4.6	-1.1	-4.9	3.5
Buchs / Aarau	386	648389 / 248365	01.1981-12.2010	0.7	1.5	5.6	9.3	13.9	17.1	19.2	18.5	14.5	10.1	4.7	1.8	9.7
Buffalora	1968	816494 / 170225	01.1981-12.2010	-9.2	-8.4	-4.4	-0.4	4.8	8.4	10.7	10.3	6.6	2.2	-4.1	-8.4	0.7
Bullet / La Frétaz	1205	534221 / 188081	01.1981-12.2010	-1.2	-1.2	1.3	4.3	8.7	11.9	14.4	14.1	10.6	7.2	2.2	-0.3	6.0
Chasseral	1599	570847 / 220158	01.1981-12.2010	-2.5	-2.9	-1.1	1.5	6.1	9.3	11.7	11.5	8.3	5.4	0.6	-1.7	3.9
Chaumont	1136	565060 / 211006	01.1981-12.2010	-1.4	-1.1	1.7	4.9	9.4	12.6	15.1	14.7	11.0	7.3	2.1	-0.6	6.3
Chur	556	759471 / 193157	01.1981-12.2010	0.7	1.8	5.9	9.7	14.3	17.1	19.1	18.5	14.8	10.8	5.2	1.7	10.0
Château-d'Oex	1029	577040 / 147655	01.1981-12.2010	-2.5	-1.7	1.9	5.5	10.0	13.1	15.2	14.7	11.1	7.3	1.7	-1.5	6.2
Cimetta	1661	704433 / 117452	01.1981-12.2010	-1.4	-1.8	0.4	2.8	7.3	11.0	13.5	13.2	9.7	6.1	1.7	-0.7	5.2
Col du Grand St-Bernard	2472	579200 / 79720	01.1981-12.2010	-7.2	-7.6	-5.8	-3.4	1.2	5.1	8.1	7.9	4.5	1.0	-4.0	-6.4	-0.6
Davos	1594	783514 / 187458	01.1981-12.2010	-4.9	-4.6	-1.3	2.2	7.1	10.2	12.4	11.9	8.6	5.1	-0.7	-3.8	3.5
Delémont	439	593269 / 244543	01.1981-12.2010	0.4	1.6	5.3	8.8	13.2	16.5	18.8	18.2	14.3	10.2	4.5	1.5	9.4
Disentis / Sedrun	1197	708189 / 173789	01.1981-12.2010	-1.4	-1.1	2.0	5.4	10.0	13.2	15.5	14.9	11.6	8.0	2.4	-0.5	6.7
Ebnat-Kappel	623	726347 / 237176	01.1981-12.2010	-1.6	-0.7	3.1	6.9	11.9	15.1	17.2	16.5	12.7	8.6	2.9	-0.4	7.7
Einsiedeln	910	699984 / 221069	01.1981-12.2010	-2.1	-1.5	1.9	5.7	10.4	13.6	15.8	15.3	11.7	7.8	2.3	-0.9	6.7
Elm	958	732265 / 198425	01.1981-12.2010	-2.2	-1.5	1.9	5.8	10.4	13.2	15.2	14.8	11.5	7.9	2.0	-1.2	6.5
Engelberg	1035	674157 / 186097	01.1981-12.2010	-2.1	-1.4	1.9	5.5	10.1	13.0	15.1	14.6	11.2	7.5	1.9	-1.2	6.3
Evolène / Villa	1825	605415 / 106740	01.1981-12.2010	-2.8	-2.9	-0.6	2.2	6.6	9.8	12.5	12.1	8.8	5.6	0.6	-1.9	4.2
Fahy	596	562458 / 252676	01.1981-12.2010	0.7	1.4	4.9	8.0	12.2	15.4	17.8	17.4	13.6	9.7	4.5	1.7	8.9
Fribourg / Posieux	646	575182 / 180076	01.1981-12.2010	-0.1	0.9	4.7	8.0	12.7	16.0	18.4	17.7	13.7	9.5	3.9	0.9	8.9
Genève-Cointrin	412	498905 / 122632	01.1981-12.2010	1.5	2.5	6.2	9.7	14.2	17.7	20.2	19.5	15.4	11.1	5.5	2.6	10.5
Glarus	516	723752 / 210568	01.1981-12.2010	-0.7	0.4	4.5	8.7	13.2	16.0	18.0	17.3	13.8	9.7	4.0	0.6	8.8
Grimsel Hospiz	1980	668583 / 158215	01.1981-12.2010	-5.0	-5.4	-3.3	-0.6	4.0	7.5	10.0	9.9	6.9	4.0	-1.2	-4.0	1.9
Grono	323	733017 / 124090	01.1981-12.2010	3.2	4.7	8.9	12.0	16.0	19.4	21.7	21.2	17.3	12.7	7.4	3.9	12.4
Grächen	1605	630739 / 116062	01.1981-12.2010	-2.9	-2.7	0.2	3.4	8.2	11.7	14.2	13.6	10.1	6.2	0.7	-2.0	5.1
Gstaad	1045	588260 / 146165	01.1981-12.2010	-3.3	-2.1	1.9	5.8	10.4	13.6	15.7	15.2	11.8	7.5	1.4	-2.4	6.3
Gütsch ob Andermatt	2283	690050 / 167475	01.1981-12.2010	-5.9	-6.4	-4.9	-2.5	2.0	5.7	8.5	8.5	5.3	2.3	-2.7	-5.1	0.4
Güttingen	440	738420 / 273960	01.1981-12.2010	0.4	1.2	5.1	8.8	13.5	16.6	18.7	18.1	14.2	9.8	4.4	1.6	9.4
Hallau	419	677456 / 283472	01.1981-12.2010	-0.3	0.8	4.8	8.6	13.2	16.4	18.6	17.8	13.7	9.2	3.6	0.7	8.9
Hinterrhein	1611	733900 / 153980	01.1981-12.2010	-6.3	-5.8	-2.1	1.6	6.5	10.0	12.5	12.0	8.5	4.6	-1.2	-5.0	2.9
Hörnli	1144	713515 / 247755	01.1981-12.2010	-0.9	-0.8	1.8	5.1	9.7	12.7	15.1	14.9	11.3	7.8	2.7	0.0	6.6
Interlaken	577	633019 / 169093	01.1981-12.2010	-0.3	0.9	4.9	8.7	13.2	16.3	18.4	17.7	14.0	9.6	4.0	0.9	9.0
Jungfraujoch	3580	641930 / 155275	01.1981-12.2010	-12.8	-13.6	-12.4	-10.2	-5.5	-2.4	0.1	0.1	-2.5	-5.0	-9.7	-12.0	-7.2
Koppigen	484	612662 / 218664	01.1981-12.2010	-0.2	0.9	5.1	8.5	13.2	16.3	18.6	18.1	14.2	9.8	4.0	0.9	9.1
La Brévine	1050	536982 / 203974	01.1981-12.2010	-4.3	-3.5	0.1	3.9	8.6	11.7	14.2	13.4	10.0	6.4	0.8	-2.4	4.9
La Chaux-de-Fonds	1018	550919 / 214861	01.1981-12.2010	-1.6	-1.1	1.8	5.2	9.7	12.9	15.3	14.8	11.3	7.9	2.5	-0.4	6.5
La Dôle	1669	497061 / 142362	01.1981-12.2010	-2.6	-3.0	-1.1	1.5	6.0	9.3	11.9	11.7	8.5	5.5	0.5	-1.8	3.9
Langnau i.E.	745	628005 / 198792	01.1981-12.2010	-1.0	0.0	3.7	7.0	11.5	14.6	16.9	16.5	13.1	9.0	3.1	0.0	7.9
Le Moléson	1974	567723 / 155072	01.1981-12.2010	-2.9	-3.4	-2.0	0.3	4.7	7.9	10.5	10.4	7.5	4.9	0.1	-2.0	3.0
Locarno / Monti	366	704160 / 114350	01.1981-12.2010	3.4	4.7	8.8	11.8	15.8	19.4	21.9	21.2	17.2	12.6	7.4	4.1	12.4
Lugano	273	717874 / 95884	01.1981-12.2010	3.3	4.5	8.3	11.4	15.7	19.6	22.1	21.5	17.5	13.0	7.9	4.3	12.4
Luzern	454	665540 / 209848	01.1981-12.2010	0.5	1.4	5.4	9.1	13.7	16.9	19.1	18.3	14.6	10.2	4.6	1.6	9.6
Magadino / Cadenazzo	203	715480 / 113162	01.1981-12.2010	0.9	3.0	7.9	11.5	15.7	19.5	21.7	20.8	16.7	11.6	5.8	1.7	11.4
Meiringen	588	655844 / 175930	01.1981-12.2010	-1.9	-0.3	4.0	8.2	12.9	15.7	17.7	16.9	13.4	9.0	3.2	-0.8	8.2
Montana	1427	601706 / 127482	01.1981-12.2010	-1.6	-1.5	1.2	4.4	9.1	12.4	14.9	14.4	11.0	7.3	2.0	-0.7	6.1
Napf	1403	638133 / 206079	01.1981-12.2010	-1.6	-1.9	0.3	3.2	7.9	11.0	13.6	13.3	9.8	6.8	1.7	-0.7	5.3
Neuchâtel	485	563087 / 205560	01.1981-12.2010	1.2	2.1	5.9	9.5	13.9	17.2	19.7	19.2	15.2	10.7	5.3	2.3	10.2
Nyon / Changins	455	506880 / 139573	01.1981-12.2010	1.3	2.2	6.0	9.4	13.7	17.2	19.7	19.1	15.1	10.7	5.3	2.4	10.2
Passo del Bernina	2260	798422 / 143020	01.1981-12.2010	-7.2	-7.5	-5.3	-2.4	2.7	6.4	9.2	8.9	5.2	1.7	-3.5	-6.3	0.2
Payerne	490	562127 / 184612	01.1981-12.2010	0.3	1.3	5.3	8.7	13.2	16.6	18.9	18.3	14.3	9.9	4.3	1.4	9.4
Pilatus	2106	661910 / 203410	01.1981-12.2010	-4.0	-4.6	-3.2	-0.9	3.6	6.6	9.2	9.1	6.3	3.9	-0.9	-3.2	1.8
Piotta	990	695888 / 152261	01.1981-12.2010	-1.4	-0.2	3.6	6.9	11.3	15.0	17.3	16.5	12.7	8.2	2.9	-0.5	7.7
Piz Corvatsch	3302	783151 / 143522	01.1981-12.2010	-11.3	-12.1	-10.8	-8.3	-3.6	-0.4	2.3	2.3	-0.7	-3.3	-8.1	-10.6	-5.4
Plaffeien	1042	586808 / 177400	01.1981-12.2010	-0.9	-0.6	2.4	5.5	10.0	13.3	15.7	15.3	11.6	7.9	2.7	0.0	6.9
Poschiavo / Robbia	1078	801850 / 136180	01.1981-12.2010	-1.8	-0.8	3.3	6.8	11.0	14.2	16.4	15.7	12.0	7.7	2.8	-0.6	7.2
Pully	455	540811 / 151514	01.1981-12.2010	2.2	3.0	6.6	10.0	14.4	17.8	20.3	19.7	15.8	11.6	6.1	3.2	10.9
Rünenberg	611	633246 / 253846	01.1981-12.2010	0.3	1.3	5.0	8.2	12.6	15.7	18.1	17.6	13.8	9.8	4.3	1.4	9.0
S. Bernardino	1638	734112 / 147296	01.1981-12.2010	-3.6	-3.6	-0.9	1.9	6.5	10.5	13.0	12.4	8.9	4.9	0.0	-3.0	3.9
Salen-Reutenen	718	719099 / 279047	01.1981-12.2010	-1.1	-0.2	3.6	7.3	12.1	15.2	17.3	16.7	12.8	8.6	3.1	0.1	8.0
Samedan	1708	787210 / 155700	01.1981-12.2010	-9.1	-7.8	-2.8	1.6	6.6	9.9	12.2	11.5	7.9	3.8	-2.7	-7.5	2.0
Schaffhausen	438	688698 / 282796	01.1981-12.2010	0.0	1.1	5.3	9.2	13.7	16.8	18.9	18.3	14.3	9.7	4.2	1.2	9.4
Scuol	1303	817135 / 186393	01.1981-12.2010	-4.5	-3.2	1.2	5.2	10.0	13.0	15.2	14.6	11.0	6.6	0.3	-3.7	5.5
Segl-Maria	1804	778575 / 144976	01.1981-12.2010	-6.8	-6.5	-2.9	0.7	5.6	9.1	11.5	11.2	8.0	4.0	-1.4	-4.9	2.3
Sion	482	591630 / 118575	01.1981-12.2010	-0.1	1.8	6.5	10.4	14.9	18.1	20.1	19.2	15.2	10.3	4.3	0.6	10.1
St. Gallen	775	747865 / 254588	01.1981-12.2010	-0.3	0.4	3.9	7.4	12.0	15.0	17.2	16.8	13.1	9.1	3.7	0.8	8.3
Sta. Maria, Val Müstair	1383	828861 / 165580	01.1981-12.2010	-2.8	-2.1	1.3	5.1	10.1	13.5	15.5	14.7	10.8	6.4	0.9	-2.5	5.9
Stabio	353	716050 / 77966	01.1981-12.2010	1.1	2.6	7.1	10.6	15.2	19.0	21.3	20.5	16.3	11.7	6.0	1.9	11.1
Säntis	2502	744200 / 234920	01.1981-12.2010	-6.9	-7.7	-6.3	-3.9	0.7	3.6	6.1	6.1	3.4	1.0	-3.9	-6.2	-1.2
Ulrichen	1345	666740 / 150760	01.1981-12.2010	-7.6	-5.9	-1.0	3.2	8.2	11.8	14.3	13.5	9.8	5.4	-1.2	-5.9	3.7
Vaduz	457	757719 / 221697	01.1981-12.2010	0.7	2.1	6.3	9.9	14.4	17.0	19.0	18.4	14.9	10.9	5.2	1.8	10.1
Visp	639	631149 / 128020	01.1981-12.2010	-1.3	0.9	5.9	9.7	14.2	17.3	19.3	18.5	14.7	9.9	3.7	-0.4	9.4
Weissfluhjoch	2691	780615 / 189634	01.1981-12.2010	-7.9	-8.7	-7.3	-4.9	-0.1	3.1	5.9	6.0	2.9	0.3	-4.8	-7.2	-1.9
Wynau	422	626400 / 233850	01.1981-12.2010	0.0	0.7	4.7	8.4	13.1	16.4	18.5	17.8	13.8	9.5	4.0	1.1	9.0
Wädenswil	485	693847 / 230744	01.1981-12.2010	0.3	1.2	5.2	9.0	13.6	16.8	19.0	18.3	14.4	10.2	4.6	1.6	9.5
Zermatt	1638	624350 / 97560	01.1981-12.2010	-4.2	-3.7	-0.4	3.1	7.8	11.0	13.4	12.7	9.2	5.3	-0.2	-3.3	4.2
Zürich / Affoltern	443	681428 / 253546	01.1981-12.2010	0.3	1.1	5.2	8.9	13.5	16.7	18.8	18.2	14.2	9.8	4.3	1.5	9.4
Zürich / Fluntern	555	685117 / 248066	01.1981-12.2010	0.3	1.3	5.3	8.8	13.3	16.4	18.6	18.0	14.1	9.9	4.4	1.4	9.3
Zürich / Kloten	426	682710 / 259339	01.1981-12.2010	0.2	1.1	5.2	8.9	13.5	16.7	18.9	18.2	14.2	9.8	4.2	1.4	9.4

